128
731 371
581 554
817 799
21 16
115 102
993 347
613 144
394 191
382 239
563 45
1 0
970 678
501 34
123 97
422 288
135 111
31 17
149 89
39 35
895 185
46 31
521 170
926 92
804 338
528 357
1023 317
337 241
73 64
383 17
636 199
332 157
931 399
461 377
185 5
224 183
652 476
919 67
926 769
38 6
79 63
22 8
70 51
20 5
171 4
336 165
182 134
551 547
5 2
143 141
486 65
244 0
634 417
261 12
958 789
216 3
863 559
88 11
595 395
49 4
509 252
546 462
27 17
779 719
60 48
220 60
263 36
658 221
601 73
407 239
191 2
545 318
860 339
961 590
738 685
171 142
370 131
913 426
788 506
427 419
563 102
368 328
84 80
697 159
918 358
85240 33103
37752 8447
79034 10202
10857 3806
41300 14280
81837 56968
83550 799
47052 28353
93790 7597
56086 39388
17390 2691
78456 44858
40357 795
28098 3578
63163 26022
96625 57471
55710 54315
76523 55140
95317 77541
45852 15302
43817 11389
93384 23341
34116 5549
86237 79519
73550 49009
95408 25661
89610 17823
65798 33301
66990 20529
9274 3785
86226264 53726199
47373944 36515953
1612804 387719
52302927 39388873
43177837 37251436
41831113 7395865
95782122 7456952
16192602 1748537
17241646 5747291
58489088 43964472
0 0
2147483647 0
2147483646 0
2147483645 0
